4
20
37
95
103
124
129
143
184
202
230
231
285
288
289
293
308
311
313
336
370
525
527
559
584
696
698
702
715
721
733
741
756
776
847
853
892
894
916
942
992
1001
1119
1128
1148
1218
1219
1223
1317
1366
1399
1461
1483
1498
1523
1575
1608
1611
1639
1653
1658
1684
1704
1708
1739
1773
1779
1780
1785
1786
1839
1875
1890
1932
2023
2078
2080
2097
2125
2129
2160
2189
2190
2199
2240
2267
2269
2270
2292
2302
2322
2352
2365
2382
2405
2429
2438
2468
2474
2487
2494
2500
2527
2620
2674
2688
2706
2731
2734
2754
2787
2815
2834
2840
2855
2857
2862
2890
2899
2924
2933
2943
2958
2982
2984
2997
3008
3075
3089
3110
3177
3222
3253
3261
3277
3357
3378
3385
3386
3392
3393
3469
3472
3487
3489
3553
3575
3578
3587
3636
3689
3690
3692
3740
3757
3766
3774
3784
3786
3788
3808
3843
3848
3887
3893
3993
4078
4083
4118
4148
4176
4182
4192
4196
4227
4236
4262
4295
4319
4324
4326
4383
4406
4411
4416
4421
4448
4464
4474
4489
4492
4502
4503
4505
4537
4589
4591
4617
4653
4682
4683
4692
4703
4716
4723
4728
4729
4743
4762
4794
4810
4811
4833
4842
4864
4894
4898
4923
4945
4957
5009
5038
5064
5139
5170
5213
5276
5281
5331
5368
5388
5449
5455
5457
5490
5501
5554
5603
5606
5614
5616
5617
5685
5732
5762
5770
5774
5801
5819
5820
5824
5845
5859
5937
5954
5962
5974
5975
6019
6046
6049
6062
6072
6094
6169
6194
6217
6219
6245
6268
6274
6275
6278
6313
6319
6366
6393
6399
6411
6414
6466
6467
6509
6546
6565
6593
6594
6633
6635
6663
6678
6705
6726
6733
6772
6824
6832
6873
6886
6888
6934
6940
6952
6956
6975
6987
6989
7033
7045
7058
7063
7109
7110
7118
7121
7132
7144
7150
7201
7206
7236
7287
7324
7339
7342
7394
7411
7440
7446
7459
7525
7553
7564
7565
7579
7594
7619
7646
7672
7675
7702
7709
7741
7749
7757
7791
7799
7802
7819
7829
7830
7838
7856
7857
7899
7902
7905
7906
7942
7947
7985
7986
8031
8038
8083
8115
8119
8125
8131
8150
8152
8153
8168
8180
8181
8206
8210
8228
8364
8421
8432
8437
8441
8512
8515
8550
8554
8594
8600
8603
8615
8648
8650
8658
8688
8692
8705
8715
8735
8755
8782
8783
8793
8858
8898
8912
8975
8976
8977
8980
8994
9032
9047
9051
9066
9070
9089
9103
9144
9175
9182
9207
9209
9219
9243
9246
9254
9285
9292
9299
9304
9311
9315
9332
9335
9354
9356
9368
9378
9383
9400
9451
9461
9462
9481
9485
9503
9509
9519
9543
9561
9595
9627
9662
9694
9701
9733
9746
9747
9792
9817
9827
9828
9834
9881
9882
9892
9897
9899
9904
9919
9943
9975
10011
10042
10080
10140
10149
10150
10187
10193
10197
10205
10230
10252
10296
10298
10347
10422
10444
10454
10588
10693
10697
10698
10702
10725
10818
10826
10832
10835
10836
10843
10847
10870
10917
10954
10958
10963
10994
11053
11090
11115
11157
11159
11180
11181
11183
11187
11189
11199
11219
11234
11321
11323
11326
11367
11408
11411
11417
11433
11481
11506
11569
11573
11574
11609
11626
11656
11667
11695
11707
11708
11723
11728
11770
11782
11833
11886
11888
11937
11938
11985
12000
12061
12076
12077
12081
12126
12135
12153
12168
12191
12194
12298
12299
12304
12321
12326
12327
12338
12349
12351
12371
12430
12441
12444
12485
12488
12498
12518
12622
12671
12721
12728
12797
12819
12846
12969
12973
12981
12989
13087
13089
13188
13219
13241
13246
13260
13295
13314
13317
13341
13403
13407
13430
13438
13522
13571
13572
13690
13774
13792
13795
13820
13822
13854
13858
13873
13928
13970
13992
14027
14081
14100
14117
14121
14166
14247
14305
14310
14316
14317
14349
14533
14563
14565
14583
14593
14651
14653
14736
14771
14798
14801
14813
14862
14931
14963
15093
15116
15144
15146
15208
15223
15270
15273
15285
15324
15328
15332
15350
15364
15380
15402
15407
15416
15436
15448
15454
15479
15550
15551
15575
15600
15735
15804
15834
15868
15907
15964
16106
16152
16153
16173
16175
16192
16237
16241
16319
16325
16368
16394
16474
16511
16597
16673
16685
16721
16734
16759
16774
16861
16992
16999
17004
17005
17035
17053
17182
17199
17208
17230
17299
17305
17366
17375
17399
17583
17654
17818
17930
17942
17992
18031
18102
18147
18283
18285
18290
18294
18299
18406
18459
18463
18474
18532
18613
18623
18634
18645
18679
18698
18700
18713
18715
18762
18768
18774
18899
18905
18924
18928
18932
18990
18992
19028
19057
19059
19133
19150
19298
19300
19331
19369
19371
19409
19470
19513
19520
19521
19591
19603
19625
19701
19756
19796
19807
19822
19864
19904
20033
20096
20097
20103
20107
20108
20122
20137
20283
20356
20410
20412
20422
20487
20560
20566
20615
20621
20662
20678
20689
20697
20704
20821
20844
20868
20905
20907
20948
20953
20957
20958
20963
20997
21002
21020
21038
21062
21094
21116
21155
21176
21180
21209
21251
21254
21264
21337
21517
21540
21557
21574
21575
21632
21699
21781
21830
21873
21964
21980
22033
22154
22226
22227
22228
22260
22261
22293
22322
22350
22351
22412
22432
22469
22533
22657
22661
22741
22749
22838
22848
22974
22977
22979
23106
23120
23132
23323
23326
23370
23423
23432
23474
23476
23505
23534
23545
23560
23647
23650
23706
23815
23866
23884
23886
23895
23930
23962
23980
23983
24017
24025
24035
24059
24062
24065
24069
24127
24130
24207
24211
24232
24342
24415
24419
24438
24464
24552
24553
24568
24576
24629
24659
24709
24725
24727
24748
24769
24809
24810
24823
24839
